name: co2
channels:
  - conda-forge
  - defaults
dependencies:
  - asttokens=2.4.1=pyhd8ed1ab_0
  - bzip2=1.0.8=h2bbff1b_6
  - ca-certificates=2024.8.30=h56e8100_0
  - colorama=0.4.6=pyhd8ed1ab_0
  - comm=0.2.2=pyhd8ed1ab_0
  - debugpy=1.6.7=py312hd77b12b_0
  - decorator=5.1.1=pyhd8ed1ab_0
  - exceptiongroup=1.2.2=pyhd8ed1ab_0
  - executing=2.1.0=pyhd8ed1ab_0
  - expat=2.6.3=h5da7b33_0
  - importlib-metadata=8.5.0=pyha770c72_0
  - ipykernel=6.29.5=pyh4bbf305_0
  - ipython=8.27.0=pyh7428d3b_0
  - jedi=0.19.1=pyhd8ed1ab_0
  - jupyter_client=8.6.3=pyhd8ed1ab_0
  - jupyter_core=5.7.2=py312haa95532_0
  - krb5=1.21.3=hdf4eb48_0
  - libffi=3.4.4=hd77b12b_1
  - libsodium=1.0.20=hc70643c_0
  - matplotlib-inline=0.1.7=pyhd8ed1ab_0
  - nest-asyncio=1.6.0=pyhd8ed1ab_0
  - openssl=3.3.2=h2466b09_0
  - packaging=24.1=pyhd8ed1ab_0
  - parso=0.8.4=pyhd8ed1ab_0
  - pickleshare=0.7.5=py_1003
  - pip=24.2=py312haa95532_0
  - platformdirs=4.3.6=pyhd8ed1ab_0
  - prompt-toolkit=3.0.47=pyha770c72_0
  - psutil=5.9.0=py312h2bbff1b_0
  - pure_eval=0.2.3=pyhd8ed1ab_0
  - pygments=2.18.0=pyhd8ed1ab_0
  - python=3.12.5=h14ffc60_1
  - python-dateutil=2.9.0=pyhd8ed1ab_0
  - pywin32=305=py312h2bbff1b_0
  - pyzmq=25.1.2=py312hd77b12b_0
  - setuptools=75.1.0=py312haa95532_0
  - six=1.16.0=pyh6c4a22f_0
  - sqlite=3.45.3=h2bbff1b_0
  - stack_data=0.6.2=pyhd8ed1ab_0
  - tk=8.6.14=h0416ee5_0
  - tornado=6.4.1=py312h827c3e9_0
  - traitlets=5.14.3=pyhd8ed1ab_0
  - typing_extensions=4.12.2=pyha770c72_0
  - ucrt=10.0.22621.0=h57928b3_0
  - vc=14.40=h2eaa2aa_1
  - vc14_runtime=14.40.33810=ha82c5b3_21
  - vs2015_runtime=14.40.33810=h3bf8584_21
  - wcwidth=0.2.13=pyhd8ed1ab_0
  - wheel=0.44.0=py312haa95532_0
  - xz=5.4.6=h8cc25b3_1
  - zeromq=4.3.5=he1f189c_5
  - zipp=3.20.2=pyhd8ed1ab_0
  - zlib=1.2.13=h8cc25b3_1
  - pip:
      - affine==2.4.0
      - attrs==24.2.0
      - cachetools==5.5.0
      - certifi==2024.8.30
      - charset-normalizer==3.4.0
      - click==8.1.7
      - click-plugins==1.1.1
      - cligj==0.7.2
      - contourpy==1.3.0
      - cycler==0.12.1
      - fonttools==4.54.1
      - geopandas==1.0.1
      - google-auth==2.35.0
      - idna==3.10
      - imutils==0.5.4
      - kiwisolver==1.4.7
      - matplotlib==3.9.2
      - mpmath==1.3.0
      - natsort==8.4.0
      - numpy==2.1.1
      - opencv-contrib-python==4.10.0.84
      - pandas==2.2.3
      - pillow==10.4.0
      - protobuf==5.28.2
      - py-cpuinfo==9.0.0
      - pyasn1==0.6.1
      - pyasn1-modules==0.4.1
      - pyogrio==0.9.0
      - pyparsing==3.1.4
      - pyperclip==1.9.0
      - pyproj==3.6.1
      - pyqt6==6.7.1
      - pyqt6-qt6==6.7.2
      - pyqt6-sip==13.8.0
      - pytz==2024.2
      - pyyaml==6.0.2
      - rasterio==1.4.1
      - requests==2.32.3
      - rsa==4.9
      - ruamel-yaml==0.18.6
      - ruamel-yaml-clib==0.2.8
      - scipy==1.14.1
      - shapely==2.0.6
      - sympy==1.13.3
      - tqdm==4.66.5
      - tzdata==2024.2
      - urllib3==2.2.3
      - xmltodict==0.14.1
      - zstandard==0.23.0
prefix: C:\Users\DELL\anaconda3\envs\co2
