version https://git-lfs.github.com/spec/v1
oid sha256:a212367e3fc4fda4e5597043a44deb9fb884f6b995855f59b2c2e84af9b6cb72
size 128
